56,1
56,3
3,2
3,1
3,3
10,201
10,11
10,159
10,256
10,316
10,195
10,295
10,128
10,2
10,3
11,9
11,11
11,28
11,13
11,29
11,12
8,12
8,4
8,7
8,6
8,17
73,318
73,317
73,316
73,315
73,314
73,313
73,312
73,311
73,310
73,309
73,308
73,307
73,306
73,305
73,304
73,303
73,302
73,301
73,300
73,299
73,298
73,297
73,296
73,295
73,294
73,293
73,292
73,291
73,290
73,289
73,288
73,287
73,286
73,285
73,284
73,283
73,282
73,204
73,203
73,202
73,201
73,200
73,199
73,192
73,140
73,139
73,138
73,137
73,136
73,135
73,134
73,133
73,132
73,131
73,130
73,129
73,128
73,121
73,120
73,119
73,118
73,117
73,116
73,115
73,114
73,113
73,112
73,111
73,110
73,109
73,108
73,107
73,106
73,105
73,104
73,103
73,102
73,101
73,100
73,99
73,98
73,97
73,96
73,95
73,94
73,93
18,1
73,92
73,91
73,90
73,89
73,88
73,87
73,86
73,85
73,84
73,83
18,3
73,82
